全部のやつと2つのやつを2種類ずつ

1タプル 
6番
1 0 0 
0 0 0 
0 0 0 

0 1 0 
0 0 0 
0 0 0 

0 0 0 
0 1 0 
0 0 0 

2タプル
12番
1 1 0 
0 0 0 
0 0 0 

0 1 0 
0 1 0 
0 0 0 

3タプル
部分
144
1 1 1 
0 0 0 
0 0 0 

1 1 0 
1 0 0 
0 0 0 

0 1 0 
0 1 0 
0 1 0 
全部
2673
1 1 1 
0 0 0 
0 0 0 

1 1 0 
1 0 0 
0 0 0 

1 1 0 
0 1 0 
0 0 0 

0 1 0 
1 1 0 
0 0 0 

0 1 0 
0 1 0 
0 1 0 

4タプル
部分
301
1 1 1 
1 0 0 
0 0 0 

1 1 0 
1 1 0 
0 0 0 

1 1 0 
0 1 0 
0 1 0 

全部
44755
1 1 1 
1 0 0 
0 0 0 

1 1 1 
0 1 0 
0 0 0 

1 1 0 
1 1 0 
0 0 0 

1 1 0 
0 1 1 
0 0 0 

1 1 0 
0 1 0 
0 1 0 

0 1 0 
1 1 1 
0 0 0 

5タプル
部分
298
1 1 1 
1 1 0 
0 0 0 

1 1 0 
1 1 1 
0 0 0 

1 1 1 
1 0 0 
1 0 0 
全部
1 1 1 
1 1 0 
0 0 0 

1 1 1 
1 0 1 
0 0 0 

1 1 0 
1 1 1 
0 0 0 

1 1 1 
1 0 0 
1 0 0 

1 1 0 
0 1 1 
0 0 1 

1 1 1 
0 1 0 
0 1 0 

1 1 0 
0 1 1 
0 1 0 

1 1 0 
0 1 0 
0 1 1 

0 1 0 
1 1 1 
0 1 0 

6タプル
部分
16
1 1 1 
1 1 1 
0 0 0 

1 1 1 
1 1 0 
1 0 0 

全部
26835
1 1 1 
1 1 1 
0 0 0 

1 1 1 
1 1 0 
1 0 0 

1 1 1 
1 0 1 
1 0 0 

1 1 1 
1 1 0 
0 1 0 

1 1 1 
0 1 0 
1 1 0 

1 1 0 
1 1 1 
0 0 1 

1 1 0 
1 1 1 
0 1 0 

1 1 0 
0 1 1 
1 1 0 

7タプル
部分
0
0 0 1 
1 1 1 
1 1 1 

全部
248
0 0 1 
1 1 1 
1 1 1 

0 1 0 
1 1 1 
1 1 1 

0 1 1 
1 0 1 
1 1 1 

0 1 1 
1 1 0 
1 1 1 

0 1 1 
1 1 1 
1 1 0 

1 0 1 
1 0 1 
1 1 1 

1 0 1 
1 1 1 
1 0 1 

8タプル
部分
0
0 1 1 
1 1 1 
1 1 1 

全部
6
0 1 1 
1 1 1 
1 1 1 

1 0 1 
1 1 1 
1 1 1 

1 1 1 
1 0 1 
1 1 1 

9タプル
部分
0
1 1 1 
1 1 1 
1 1 1 